"#1"	"#10"	"#11"	"#12"	"#13"	"#14"	"#15"	"#16"	"#17"	"#18"	"#19"	"#2"	"#20"	"#21"	"#22"	"#23"	"#24"	"#25"	"#26"	"#27"	"#28"	"#29"	"#3"	"#30"	"#31"	"#33"	"#35"	"#36"	"#37"	"#38"	"#39"	"#4"	"#40"	"#41"	"#42"	"#43"	"#44"	"#45"	"#46"	"#47"	"#48"	"#49"	"#5"	"#50"	"#51"	"#52"	"#53"	"#54"	"#55"	"#56"	"#57"	"#58"	"#59"	"#6"	"#60"	"#61"	"#62"	"#64"	"#65"	"#66"	"#67"	"#68"	"#69"	"#7"	"#70"	"#71"	"#72"	"#73"	"#75"	"#76"	"#77"	"#78"	"#79"	"#8"	"#80"	"#81"	"#82"	"#83"	"#84"	"#85"	"#9"
0	1001.29025452634	1116.62184739144	0	0	0	1050.86055694435	0	1002.77783481308	0	993.054634517798	0	0	0	994.392638518133	1099.92199532542	1163.26170407777	994.580456432601	0	0	0	1023.13774101935	0	0	1083.00737521039	0	999.100682594603	1141.90032680473	0	0	0	1109.76650711612	1172.07160065301	0	0	1161.50105206398	1267.02413879763	1145.09487001919	1036.28748405436	0	0	0	1166.64854291478	1076.93832225395	0	0	995.783470573566	0	0	1026.71177821565	1068.73665237344	0	1005.47263059533	0	1172.4809245206	0	1030.2578489807	0	0	0	1093.45195012209	0	1061.55264733228	1022.73992165751	0	999.477438092884	0	1002.55733627428	0	0	1044.78880436409	991.581629529661	0	0	0	1206.64187123417	1033.41846170675	0	996.241234211282	1042.70031391263	1099.73447499943
1001.29025452634	0	1199.6449664444	1011.84152727992	0	0	1162.31687751104	1001.06807146942	1044.97805277579	1049.77225010504	1072.49368838858	1032.01792408461	1027.17034361386	1019.08368535378	1081.15453659436	1159.42311130162	1230.00652060641	1206.62571789924	1059.36024671507	1017.64659680673	0	1084.58822539571	0	1100.32846791619	1114.30202292637	0	0	1237.43621581304	0	0	992.9923496182	1147.40712088531	1199.21011587339	1004.95063290239	0	1222.95275615498	1383.96018084024	1249.83591626899	1082.64047585807	0	0	1165.09056603251	1230.3339953355	1070.3444107382	1040.14925125673	998.041957216784	1064.35141081285	0	1029.37070302124	1053.57944103101	1135.69566400592	1073.36857321419	0	0	1177.73652252991	1074.32455916779	1115.5645427963	1026.36121161933	1040.08962460191	997.1936392772	1127.98061430548	1055.45680777261	1126.91057939833	1077.78189167887	0	1094.80017008391	0	1069.37226353053	1102.95959330461	0	1128.90383224919	1007.40194009808	0	995.147669531262	1003.47781086918	1296.81457406928	1105.31545702287	0	1082.47007556226	1146.25455143749	1145.11714227845
1116.62184739144	1199.6449664444	0	1050.39380269318	1085.32904898825	1051.49783664669	1212.34179846114	1099.89162336724	1063.62132397917	1047.15583190053	1070.83394540531	1105.84164138791	0	1199.52238881192	1198.21688296947	1235.53485062277	1126.34516147736	1287.89482992901	1095.45711671554	1105.41013775952	0	1068.28319219189	0	1164.45952556069	1173.95275364943	0	1102.40948553944	1314.16725495044	0	1061.05038162988	1103.84157179484	1244.54872202608	1127.05199075081	1107.42853881655	1051.67754518779	1245.34567267174	1275.06283113474	1051.7678773583	1121.3347207002	0	0	1268.87276124197	0	1186.38703720846	1062.81698712137	1051.75929078289	1047.99645172349	1022.82285480155	0	1174.34865012466	1197.45760267334	1152.68981648614	1155.72012447839	1110.28632736133	1259.78668085958	1156.95653407152	1268.01321734177	1021.2395993203	1119.73224191352	1020.89393665234	1109.25813598495	1128.94340580456	1100.58728819343	1129.80293221822	0	1202.06216303786	0	1037.84659201316	1157.03385237208	1074.52794707177	1117.48021389903	1160.57966638014	0	0	1013.08605951567	1188.53794409016	1124.85235729139	0	1220.73294826743	1182.31699925102	0
0	1011.84152727992	1050.39380269318	0	0	0	1054.41783799216	0	0	0	0	0	0	1071.43793663454	997.490068571499	0	1050.5189923748	1080.08794072392	0	0	0	1017.95188459341	0	1017.9302581396	1017.04146927606	0	0	1189.55451734424	0	0	0	1073.25110813691	1100.03441541233	0	0	1124.172619593	1236.6195703526	1074.23220146277	0	0	0	1068.80150193771	1080.65227775791	1053.73885250297	0	0	0	0	0	993.095519270759	1037.57479047968	0	0	0	1144.67045222547	1031.77507307867	1022.25503060668	0	0	0	1019.66720455317	1005.6371113436	0	0	0	1037.10296427663	0	0	1006.74950704774	0	994.427007905848	1026.96348096785	0	0	0	1171.68016446522	1070.0463674054	0	1033.3928587525	1047.27674445644	1022.765019818
0	0	1085.32904898825	0	0	0	1111.35739007568	992.633625853613	0	0	1026.2744447972	0	993.359231618315	1061.42924100887	1039.4683947327	1102.45951403544	1169.67976281997	1104.52788918141	0	0	0	1044.69538298608	0	999.429018686409	997.991718810488	0	0	1133.167121414	0	0	0	1004.81403403968	1089.6319180913	0	0	1171.38307794538	1279.15868169533	1113.6429557529	995.812450866664	0	0	1074.94508288219	1062.92544802213	1064.00649765088	0	0	0	0	0	1009.98670789301	1042.42825771503	1032.65192466314	999.67376328823	0	1073.26396816955	0	1052.29533654961	0	0	0	1036.37501808664	0	1035.42609514812	0	0	1001.40334629593	0	1024.07071432987	0	0	1087.24081108565	0	0	0	0	1240.19665462947	1086.0906239992	0	1027.26960811389	1068.4511287866	1069.70397411481
0	0	1051.49783664669	0	0	0	1037.18666079133	0	0	0	0	0	0	0	0	1042.01324348563	1115.10831576862	1090.4934763935	0	0	0	0	0	0	0	0	0	1110.06955652405	0	0	0	1009.85957027331	1064.42299853629	0	0	1126.96086694815	1254.7038828229	1100.69781739289	0	0	0	1033.27626546032	1100.77479422672	995.234336194175	0	0	0	0	0	0	1023.26388495848	990.9887726901	0	0	991.36480583712	0	1016.63708916265	0	0	0	1018.09745765745	0	1002.42326603452	0	0	0	0	0	0	0	1033.49943151602	0	0	0	0	1150.73912329855	1027.14532477618	0	998.384468441084	999.97410251972	1045.1665222842
1050.86055694435	1162.31687751104	1212.34179846114	1054.41783799216	1111.35739007568	1037.18666079133	0	1009.57706904178	1037.97493632697	1088.45725750593	1099.0118666797	1052.54101963584	1070.75865115243	1223.71247434975	1123.3545180785	1169.49811997709	1233.91448487595	1168.30758515196	1131.4798479919	1004.47807598995	0	1121.67464493193	0	1115.9096285733	1190.91884728469	0	1047.22491816164	1000.49627804416	0	0	1041.93173208465	1198.69968150984	0	1063.82005332909	996.150717784857	1269.60891352957	1096.60269380631	1008.14627785477	1140.68150533579	0	0	1161.94597272013	1252.64138442305	1151.65961391331	1046.18578613278	1013.65840209691	1120.85885940277	1003.41203254618	1030.87560413368	1132.74737493785	1159.34715466613	1127.50871247685	1059.92308592517	1068.11562040697	994.893330819062	1131.55577785233	1163.09927568996	1020.56490999151	1036.37180852492	1053.61343587941	1144.85229086473	1106.12906242439	1157.67230864043	1104.39913728493	0	1142.0942745428	1013.72086381385	1104.57502499102	1071.7704376598	1028.82613482961	1136.62723302232	1137.07439419196	0	1038.23384225081	1067.5323240099	1266.60013862081	1149.08639018843	0	1163.8572045178	0	1202.74658626743
0	1001.06807146942	1099.89162336724	0	992.633625853613	0	1009.57706904178	0	0	0	0	0	0	1070.11162928344	1001.13075956289	1056.65266604113	1170.97818594267	1064.57426017143	0	0	0	996.391784574724	0	990.640606653706	1031.9382576454	0	0	1104.91054672306	0	0	0	1089.77090023631	1125.41979005319	0	0	1139.1223659276	1256.14805868126	1110.93835068154	1047.91154227807	0	0	1031.70115030131	1135.95398626059	1008.09330518146	0	0	0	0	0	1030.48129803095	1057.85883433652	1001.88611817013	0	0	1154.05213276308	1034.89004350898	1075.17247626842	0	0	0	1063.62769633968	0	1051.13678645107	0	0	995.034978814394	0	0	0	0	1097.9528266622	1053.9931386738	0	0	0	1163.53652477052	1027.93624308658	0	0	0	1078.42417462305
1002.77783481308	1044.97805277579	1063.62132397917	0	0	0	1037.97493632697	0	0	0	0	0	0	1123.92701363436	1038.70680802931	1112.42572582704	1086.13431831669	1187.84986523644	0	0	0	1038.69030240558	0	1046.77103667995	1029.10479832654	0	1071.31122319373	1229.77992763842	0	0	0	1068.78847024595	1135.92747158924	0	0	1155.99640633496	1282.9528383077	1104.76238476664	1024.95224170898	0	0	1099.16003323082	1101.8148773993	1097.3941802021	998.203077909826	0	0	0	0	1032.87574224855	1046.89906695983	1027.43491465711	1015.57176675442	991.82626184786	0	1049.73646138848	1102.06935653958	0	991.16476348407	0	1049.75409092687	990.716878145142	1028.11441686824	0	0	1044.67476040727	0	1003.38857303343	1017.38177566214	0	1027.63920556261	1057.84481778503	0	0	0	1145.76691744034	1059.90795356513	0	1083.35066753461	1043.87561337129	1025.08303847693
0	1049.77225010504	1047.15583190053	0	0	0	1088.45725750593	0	0	0	0	990.511383547701	0	1077.77849425055	1030.78000509014	1067.03296839943	1103.88119203762	1080.38868708774	999.317758487138	0	0	0	0	1038.54743259285	1051.92521063038	0	1010.88526047305	1165.44737919192	0	0	0	1078.11840733346	1132.26309464336	0	0	1171.00913475608	1261.86806827054	1117.11504744326	1012.5880791394	0	0	1085.74692283541	1099.69541805928	1061.04410740226	0	0	0	0	0	1076.82162180466	1010.55569260325	1028.16668746304	1001.77039638464	0	1168.7497321127	1062.65683063551	1109.33140222942	0	999.470678251982	0	1017.34347160059	1006.98567253093	0	0	0	1078.0443503711	0	0	1042.57916849709	0	1064.54245338254	1082.61925582969	0	0	0	1145.49665199696	1000.556506055	0	1080.25603285956	1061.09365313416	1029.82420882938
993.054634517798	1072.49368838858	1070.83394540531	0	1026.2744447972	0	1099.0118666797	0	0	0	0	1029.82635629101	0	1067.22512100455	1058.77961461517	1135.5900040324	1123.96911146672	1097.90254641236	1016.83084927229	0	0	0	0	1054.92402876638	1069.31955426217	0	1001.99635729408	1157.52108614552	0	0	0	1120.32933957498	1179.36168454026	1036.61825148991	0	1217.96106675838	1271.51835008379	1146.53224214432	1072.21505013688	0	0	1131.88855890641	1154.15592104517	1103.81467329455	0	0	1029.22538635931	0	0	1115.75583746239	1089.46644596967	1093.56275996664	1086.0478181109	993.636798585724	1182.77975705864	1047.06321160736	1103.39749420299	1011.49372058651	996.081124920862	0	1071.32831145488	1048.14014148167	1046.61497975343	992.209321400949	0	1056.27141270683	0	0	1041.30695614702	0	1101.90677933413	1112.92166705906	0	0	0	1122.93398326482	1020.0647673938	0	1104.88087185775	1091.35933483961	1081.0714394708
0	1032.01792408461	1105.84164138791	0	0	0	1052.54101963584	0	0	990.511383547701	1029.82635629101	0	0	1044.50463654052	991.914238603739	1098.87362550834	1157.36753136996	1102.77690444683	0	0	0	1030.49349954673	0	0	1009.342117216	0	1018.74527703443	1165.10159755138	0	0	0	0	1090.46601305028	0	0	1181.8479119969	1267.23204447052	1134.64423338085	1019.17225371232	0	0	1008.30172993741	1149.63330453065	1083.97492937365	0	0	0	0	0	0	1032.58655494212	0	0	0	1117.38306260067	0	1066.64152984393	0	0	0	1081.39894620992	0	998.182733368352	991.515063257504	0	1005.3171889213	0	1000.35761592586	0	0	1065.46614156346	0	0	0	0	1213.99017855954	1084.77846689489	0	999.254057575315	1085.07783841388	1094.44403816365
0	1027.17034361386	0	0	993.359231618315	0	1070.75865115243	0	0	0	0	0	0	1060.77825345348	1037.91130468127	1054.6989213077	1101.42098386581	1098.5979500436	0	0	0	0	0	1023.91321886748	1032.51530043576	0	0	1145.38598036736	0	0	0	1073.93278637872	1094.8682476832	997.111017697696	0	1173.52691874172	1241.06395899198	1033.28305571751	0	0	0	1113.02450811202	1063.85037987175	1047.32736728063	0	0	0	0	0	1072.26525095895	1071.30429716197	0	1004.81701155519	0	1135.59099702127	1033.4314292145	1107.95872838506	0	0	0	0	1002.4514479684	0	1001.72313647102	0	1024.40074345767	0	0	1000.79623581942	0	1060.08226325031	1015.24264728765	0	0	0	1142.00015767759	1025.07868227905	0	1070.71739016972	998.978597818703	1015.28402634093
0	1019.08368535378	1199.52238881192	1071.43793663454	1061.42924100887	0	1223.71247434975	1070.11162928344	1123.92701363436	1077.77849425055	1067.22512100455	1044.50463654052	1060.77825345348	0	1135.2669970899	1196.20639689958	1288.6561195108	1177.69999153455	1084.12789462592	1053.60651791705	998.721160302337	0	993.448848469501	1157.48798035401	1161.5764004327	0	0	1201.69827151353	0	1055.2862321847	1032.98760491818	1144.97601359634	1275.84492543348	1062.25498429296	1066.28314674994	1297.27908259801	1380.41726209945	1268.26956191265	1143.3810504573	0	0	1176.952469171	1270.79867238032	1097.42560248056	1053.11703521012	1105.09935711973	1077.54709423784	0	1035.97756475304	1103.17081212808	1175.87377023388	1100.35339063053	1107.73405767718	1037.08862555156	1257.6265318504	1084.29111505231	1152.09809601944	1085.13166678561	1061.32533115849	1059.91199197775	1190.56261127817	1079.90330648428	1146.13521827934	1116.03613939987	0	1099.22466184315	0	1131.7172151987	1092.54747946166	1005.37332596452	1175.595894249	1128.49294636367	0	1065.0797556901	999.290988852857	1321.48643040165	1144.27406238422	0	1137.06479400559	1193.42417501651	1192.92458505603
994.392638518133	1081.15453659436	1198.21688296947	997.490068571499	1039.4683947327	0	1123.3545180785	1001.13075956289	1038.70680802931	1030.78000509014	1058.77961461517	991.914238603739	1037.91130468127	1135.2669970899	0	1192.74091154771	1244.38534348996	1138.37123575597	1067.67206296383	0	0	1091.06834592671	0	1028.31121636329	1140.61200743397	0	1089.05907562436	1223.54966016201	0	0	0	1137.67244657808	1231.96000757641	1040.20984700513	991.029879318398	1249.90655332688	1335.79272176517	1193.55002695103	1102.80641633929	0	0	1087.21932119753	1206.20842268037	1146.06939560625	1032.90780111977	0	1081.75779913641	0	1008.56966001089	1026.40032717508	1101.53968669286	1059.12975564696	1054.69629910886	1025.82936653288	1238.68719104666	1076.67233834431	0	1033.71624105477	0	1007.74827811559	1136.62373941233	1020.11228694276	1133.91545545081	1100.29398981528	0	0	0	1040.00360573228	1006.2076647117	0	1157.58641332065	1092.42705743495	0	0	1043.53033237576	1232.13131086088	1018.84911974735	0	1041.75498252235	1119.14614541252	1145.05923896791
1099.92199532542	1159.42311130162	1235.53485062277	0	1102.45951403544	1042.01324348563	1169.49811997709	1056.65266604113	1112.42572582704	1067.03296839943	1135.5900040324	1098.87362550834	1054.6989213077	1196.20639689958	1192.74091154771	0	1283.76739387587	1240.018016446	0	1100.12152068481	1028.32720111784	1131.49085507116	1038.60968789417	1142.38427798033	1172.63247476386	0	1104.31511416447	1244.8663268354	0	1045.32315066568	1038.93534990076	1187.52048907919	1290.19142048714	1090.80855389357	1100.86971457886	1324.45034618167	1408.6592251641	1280.06963213496	1100.9625938794	0	0	1230.697863246	1293.60221276434	1094.15535598954	1029.86488609295	1089.16398306624	1134.69326620191	1035.40615621561	1052.18930510742	1190.02405644948	1205.43362986643	1149.92991178773	1052.95179405364	1053.67264969485	1112.12663405385	1168.92361172564	1234.20834208099	1081.8588676873	1122.36393421464	1077.70708694509	1153.6710669269	1126.92314773851	1159.65756479842	1014.80982649061	0	1190.57694896611	1024.18603256502	1170.27430505793	1155.16468670603	1095.41322520099	1233.91504159466	1183.01441627364	0	1088.59304893113	1043.16371598475	1336.99060478432	1240.72623700414	0	1184.37094695092	1193.41451957314	1216.09087585973
1163.26170407777	1230.00652060641	1126.34516147736	1050.5189923748	1169.67976281997	1115.10831576862	1233.91448487595	1170.97818594267	1086.13431831669	1103.88119203762	1123.96911146672	1157.36753136996	1101.42098386581	1288.6561195108	1244.38534348996	1283.76739387587	0	1348.93983413433	1188.45136091606	1146.56229296062	1049.27193578512	1218.63406900246	999.473924238419	1199.08930324022	1239.41351725465	0	1209.36542645954	1381.73031328286	1003.88212129116	1109.07996049249	1171.18064356678	1222.73202936316	1110.37112606117	1164.42938853638	1093.79887186886	1290.51773104826	1382.21511129788	1210.34463346298	1185.94840446026	0	1066.21548594716	1306.88552861673	1081.25486131361	1254.84473697293	1052.90909714793	1087.0901868297	1085.99128897765	1095.81463155405	1069.34199534548	1282.97434675322	1013.18735428502	1208.50569371701	1218.05282889105	1125.16542664168	1311.0692766018	1224.04450014251	1288.91125031264	1075.14708833593	1202.04307517542	1071.45509650793	1167.74787541107	1212.14335756452	1185.31622246663	1098.26331485611	0	1259.06189702236	1043.82591227469	1152.81629303917	1230.22310342992	1123.08454093294	1169.60565359086	1236.3156849075	0	1042.02008112078	1104.96756486846	1327.23404917071	1178.16397673805	0	1267.3067127882	1211.59590637746	1028.46672317659
994.580456432601	1206.62571789924	1287.89482992901	1080.08794072392	1104.52788918141	1090.4934763935	1168.30758515196	1064.57426017143	1187.84986523644	1080.38868708774	1097.90254641236	1102.77690444683	1098.5979500436	1177.69999153455	1138.37123575597	1240.018016446	1348.93983413433	0	1181.21590105489	1045.69847149001	1003.45316681889	1161.66824015209	0	1129.47184318937	1173.43375129477	0	1137.28678918977	1281.16769714749	1020.73182380267	1074.69994012624	1037.34265338909	1195.55315820113	1310.6497182723	1111.73425821624	1108.62818947051	1267.88261973349	1396.26454926768	1301.98428787159	1193.76367204096	0	0	1122.70228841359	1318.753686132	1184.02197820943	0	1140.36131392356	1176.66759190949	991.830527947826	1054.39867345195	1145.95162092278	1219.82137618526	1103.44666163303	1159.12497593462	1090.34982707687	1332.29069310742	1168.50391862865	1182.67697806062	1120.86418229188	1042.19023345556	1113.46051143585	1234.27249135236	1088.68438701404	1225.66030411912	1165.25208343918	0	1114.95415526135	0	1166.50064039547	1104.79305565287	1107.18203418041	1170.13705059539	1173.64365848325	0	1103.03340564872	1057.96659792485	1335.28073194795	1150.05200714687	0	1110.26810286771	1229.71117162339	1243.98755475327
0	1059.36024671507	1095.45711671554	0	0	0	1131.4798479919	0	0	999.317758487138	1016.83084927229	0	0	1084.12789462592	1067.67206296383	0	1188.45136091606	1181.21590105489	0	0	0	1054.57347152589	0	1057.15401490656	1081.88209678075	0	1009.38273168028	1204.11799435745	0	0	0	1090.29764059026	1181.13534304628	0	992.20829994811	1202.85619851691	1292.37814523438	1165.92769471017	1025.02948153877	0	0	1070.38991242359	1147.04249142575	1066.80598181851	1022.95152479297	0	993.938034048255	0	0	1058.06208428396	1116.54400030304	1070.20186082729	1046.82846579932	0	0	1022.24965151458	1127.00296990209	1000.4304676014	1018.09313336892	0	1007.86876858992	1038.66899611192	1067.75448206087	1036.04048708741	0	1076.6890851715	0	1034.49003817693	1038.43528656731	995.784504073987	1105.59369368325	1068.43362569388	0	0	0	1249.98065017055	1148.59532530066	0	1040.14603221581	1019.28473336477	1060.67514297178
0	1017.64659680673	1105.41013775952	0	0	0	1004.47807598995	0	0	0	0	0	0	1053.60651791705	0	1100.12152068481	1146.56229296062	1045.69847149001	0	0	0	1006.50073273225	0	0	1066.47412536028	0	0	1145.88986483527	0	0	0	1076.38901934904	1098.38298022106	0	0	1170.86509551097	1270.45314105271	1134.09802095645	1021.8229148582	0	0	0	1120.72793260795	1046.39661720441	0	0	0	0	0	0	1035.0425122977	1004.01826293089	994.801738022744	0	1154.33782516107	0	0	0	0	0	1036.63927070352	0	1023.71656386612	0	0	0	0	1010.69832757369	0	0	1067.08128026924	1020.59724933526	0	0	0	1184.48683531039	0	0	0	0	1059.17694444561
0	0	0	0	0	0	0	0	0	0	0	0	0	998.721160302337	0	1028.32720111784	1049.27193578512	1003.45316681889	0	0	0	0	0	0	0	0	0	0	0	0	0	1009.44543701682	0	0	0	1060.14024255639	0	0	0	0	0	1017.720511971	0	0	0	0	0	0	0	0	0	0	0	0	0	0	0	0	0	0	0	0	0	0	0	0	0	0	0	0	0	0	0	0	0	1076.79021761758	0	0	0	0	0
1023.13774101935	1084.58822539571	1068.28319219189	1017.95188459341	1044.69538298608	0	1121.67464493193	996.391784574724	1038.69030240558	0	0	1030.49349954673	0	0	1091.06834592671	1131.49085507116	1218.63406900246	1161.66824015209	1054.57347152589	1006.50073273225	0	0	0	1085.48215411725	1080.21145258461	0	1046.53563074739	1074.99810542096	0	0	0	1137.9696598059	1180.48658880449	1043.82969753018	1008.69077761598	1232.38676696751	1326.19098771431	1189.70720333644	1091.08448509223	0	0	1157.51129195026	1192.63344413815	1126.63175255068	0	1007.19168314429	1014.33384525561	0	0	1121.99707238715	1140.37120842638	1037.79596183633	1083.63088684161	1007.54441727946	1231.53875919514	1100.45644952971	1162.80860007308	1013.39549330455	1046.52058115608	0	1124.35581056274	1064.79165895527	1100.70793704969	1063.21311740339	0	1072.00597438643	0	1044.80032275633	1011.62029782754	0	1149.02724311913	1092.99120387876	0	992.279226967229	0	1214.918332014	1020.42008393735	0	1130.61518865881	1115.13000073486	1104.36476708935
0	0	0	0	0	0	0	0	0	0	0	0	0	993.448848469501	0	1038.60968789417	999.473924238419	0	0	0	0	0	0	0	0	0	0	1083.40740360705	0	0	0	1005.73059825795	1028.11262491483	0	0	1072.94833540991	1149.59193977969	0	0	0	0	0	0	0	0	0	0	0	0	0	0	0	0	0	1075.83619931977	0	0	0	0	0	0	0	0	0	0	0	0	0	0	0	0	0	0	0	0	0	0	0	0	0	0
0	1100.32846791619	1164.45952556069	1017.9302581396	999.429018686409	0	1115.9096285733	990.640606653706	1046.77103667995	1038.54743259285	1054.92402876638	0	1023.91321886748	1157.48798035401	1028.31121636329	1142.38427798033	1199.08930324022	1129.47184318937	1057.15401490656	0	0	1085.48215411725	0	0	1110.37462820363	0	1082.51780310469	1131.2724726955	0	0	0	1155.32367223706	1222.08030500193	0	1017.37856033637	1228.65007447769	1333.78427629902	1196.50594531937	1065.73574683545	0	0	1063.15979909277	1153.28503687584	1101.43839723601	1014.29207546367	0	1063.07855154324	0	998.162880599155	1095.2450985417	1116.32155964428	1076.53679844963	0	0	1203.51103227962	1083.88028041385	1083.68696823842	1018.48614538543	0	0	1105.54506679115	1007.66345800124	1141.31012087911	1033.4326423072	0	0	0	1092.95802882218	0	992.605567378018	1126.52195330902	992.611925006348	0	1019.98602583564	1006.81856435804	1301.07770836853	1104.31025138931	0	1055.5661759761	1119.36607482515	1148.16326485399
1083.00737521039	1114.30202292637	1173.95275364943	1017.04146927606	997.991718810488	0	1190.91884728469	1031.9382576454	1029.10479832654	1051.92521063038	1069.31955426217	1009.342117216	1032.51530043576	1161.5764004327	1140.61200743397	1172.63247476386	1239.41351725465	1173.43375129477	1081.88209678075	1066.47412536028	0	1080.21145258461	0	1110.37462820363	0	0	1101.83180771762	1228.30038616449	0	1013.69801085801	1049.00090000986	1072.42041018891	1190.72704975807	1016.24901842899	1068.0591213257	1218.24660157385	1327.62832330303	1193.61346654349	1105.73482043688	0	0	1181.18172851879	1205.6692241137	1151.33618666713	991.124414188719	0	1051.6711769545	1004.84909786975	0	1154.85008153906	1073.59958064048	1105.10497862836	1066.36878356533	0	1213.47285091419	1104.45350658609	1195.58037597317	991.621049748797	1100.96411640084	1000.33769760578	1086.45327355473	1037.26146075494	1110.9072892586	1043.80518703978	0	1149.38761314435	0	1097.51197923049	1113.89204482384	1048.46387397728	1129.75272206954	1115.10658046896	0	1005.0277302771	1022.41628613244	1319.92870828386	1175.21402409545	0	1103.71976603514	1142.04737723583	1006.62905155408
0	0	0	0	0	0	0	0	0	0	0	0	0	0	0	0	0	0	0	0	0	0	0	0	0	0	0	0	0	0	0	0	0	0	0	0	0	0	0	0	0	0	0	0	0	0	0	0	0	0	0	0	0	0	0	0	0	0	0	0	0	0	0	0	0	0	0	0	0	0	0	0	0	0	0	0	0	0	0	0	0
999.100682594603	0	1102.40948553944	0	0	0	1047.22491816164	0	1071.31122319373	1010.88526047305	1001.99635729408	1018.74527703443	0	0	1089.05907562436	1104.31511416447	1209.36542645954	1137.28678918977	1009.38273168028	0	0	1046.53563074739	0	1082.51780310469	1101.83180771762	0	0	1156.82235088402	0	0	990.847025252394	1117.15695439237	1193.49117707505	1017.6341024516	992.77874783219	1227.62288181044	1308.22898946222	1202.76419675054	1052.30441158057	0	0	1139.96777619525	1141.82844088619	0	0	0	1031.99029884716	0	0	1081.86134347931	1095.33904972439	1063.03838891242	0	0	1187.81184761274	0	1103.19944469029	0	1010.68086627718	0	1078.94355118658	1006.35023126463	1063.56919572257	1065.20651337359	0	1086.95965996566	0	1041.92530081543	1049.2721136124	0	1101.54544417971	1051.83541233724	0	0	0	1216.27318228526	1079.63145061872	0	1054.70258642378	1059.51518054074	1095.12405228102
1141.90032680473	1237.43621581304	1314.16725495044	1189.55451734424	1133.167121414	1110.06955652405	1000.49627804416	1104.91054672306	1229.77992763842	1165.44737919192	1157.52108614552	1165.10159755138	1145.38598036736	1201.69827151353	1223.54966016201	1244.8663268354	1381.73031328286	1281.16769714749	1204.11799435745	1145.88986483527	0	1074.99810542096	1083.40740360705	1131.2724726955	1228.30038616449	0	1156.82235088402	0	1046.49931949216	1140.74171524023	1017.06549400551	1266.16899441147	1080.78373911069	1131.38097077258	1193.10068575974	1408.79657355891	1225.5980486335	1103.44928343344	1229.46743229532	0	1053.9128433256	1297.65896718316	1360.70490253728	1263.63050149316	1124.30300923805	1160.05345394907	1187.49187402305	1044.96491390526	1141.82414726931	1245.39317239107	1253.94727907773	1198.5827298973	1251.67198701484	1136.72201221267	1087.83204368439	1178.68936296525	1277.37587588913	1210.37093832616	1163.39296739653	1150.90422958431	1274.39730976542	1125.90559759323	1276.86543374762	1231.619471172	0	1206.1390306067	1047.84572911047	1214.4672234419	1085.00606255195	1038.75663371865	1304.19696766674	1196.72307120662	0	1157.73699932178	1115.97673399396	1439.0188981923	1277.85382229005	0	1224.63783207982	0	1289.42350829684
0	0	0	0	0	0	0	0	0	0	0	0	0	0	0	0	1003.88212129116	1020.73182380267	0	0	0	0	0	0	0	0	0	1046.49931949216	0	0	0	0	0	0	0	1009.72063501452	1109.77825544556	0	0	0	0	0	0	0	0	0	0	0	0	0	0	0	0	0	1010.74532070915	0	0	0	0	0	0	0	0	0	0	0	0	0	0	0	0	0	0	0	0	1010.2052632407	0	0	0	0	0
0	0	1061.05038162988	0	0	0	0	0	0	0	0	0	0	1055.2862321847	0	1045.32315066568	1109.07996049249	1074.69994012624	0	0	0	0	0	0	1013.69801085801	0	0	1140.74171524023	0	0	0	1014.87681437804	1088.87890194271	0	0	1101.61418087934	1226.96473962573	1111.08340348605	0	0	0	994.092779923811	1088.39641963852	1017.71177321602	0	0	0	0	0	0	1014.78480760037	0	0	0	1105.37348145764	0	996.746888669193	0	0	0	0	0	0	0	0	0	0	0	0	0	0	0	0	0	0	1137.5753175489	1011.64690841344	0	0	1035.87927007512	1041.74231155305
0	992.9923496182	1103.84157179484	0	0	0	1041.93173208465	0	0	0	0	0	0	1032.98760491818	0	1038.93534990076	1171.18064356678	1037.34265338909	0	0	0	0	0	0	1049.00090000986	0	990.847025252394	1017.06549400551	0	0	0	1009.11336419398	1134.07772827673	0	0	1151.08763731644	1257.2636381916	1159.23486440578	0	0	0	0	1150.74498194703	1059.84260275063	0	0	0	0	0	0	1047.20631878637	0	0	0	1126.14158506488	0	992.521457485305	0	0	0	1088.12615734411	0	1032.44253469888	0	0	0	0	0	0	0	1075.1577101178	0	0	0	0	1182.39179565471	1004.01442392019	0	0	1037.12287264397	1057.12673536236
1109.76650711612	1147.40712088531	1244.54872202608	1073.25110813691	1004.81403403968	1009.85957027331	1198.69968150984	1089.77090023631	1068.78847024595	1078.11840733346	1120.32933957498	0	1073.93278637872	1144.97601359634	1137.67244657808	1187.52048907919	1222.73202936316	1195.55315820113	1090.29764059026	1076.38901934904	1009.44543701682	1137.9696598059	1005.73059825795	1155.32367223706	1072.42041018891	0	1117.15695439237	1266.16899441147	0	1014.87681437804	1009.11336419398	0	1232.72574355533	1029.68919310998	1053.34725554457	1262.9858593567	1399.10839470903	1283.21349154143	1079.2210388881	0	0	1172.21641510222	1268.8989183258	1181.29528255949	1071.13646666	1058.31576983405	1089.07693374918	0	1009.5848416251	1086.02475828087	1116.60109019783	1137.44687014886	1125.673211861	0	1251.10834240121	1077.60769660836	1179.04440765608	1024.66853140244	1085.98769247976	1006.96655364756	1153.75788856446	1078.39175154082	1135.67472309282	1008.48512646742	0	1194.86788101464	1019.35219883026	1137.29771280292	1110.69678620998	1088.62141240475	1227.03739054725	1134.28525379733	0	1060.67622497024	1062.00764372813	1310.85460598127	1177.89032668698	0	1101.60694492704	1222.09924749772	1194.31176912382
1172.07160065301	1199.21011587339	1127.05199075081	1100.03441541233	1089.6319180913	1064.42299853629	0	1125.41979005319	1135.92747158924	1132.26309464336	1179.36168454026	1090.46601305028	1094.8682476832	1275.84492543348	1231.96000757641	1290.19142048714	1110.37112606117	1310.6497182723	1181.13534304628	1098.38298022106	0	1180.48658880449	1028.11262491483	1222.08030500193	1190.72704975807	0	1193.49117707505	1080.78373911069	0	1088.87890194271	1134.07772827673	1232.72574355533	0	1095.68824877868	1056.58450895106	1257.79603873766	1094.91213506677	0	1183.7020462494	0	1015.67515233094	1237.80028650403	1084.57841341142	1250.6023699893	0	1125.97472406796	1094.02627098242	1063.92537203585	1002.93375213464	1200.62013485746	1246.43249127902	1197.27437969231	1201.48597956956	1065.39723327419	1035.96705524286	1193.9079108138	1238.57932309251	1072.49995642959	1180.33568241866	1062.98868081554	1211.00859299574	1204.70806123153	1243.12079325431	1157.88318890556	0	1207.06806997755	1050.98426990588	1166.35563095991	1155.70191900025	1092.83372737636	1164.93031684091	1173.38582868858	0	1058.10371365384	1122.65391604011	1364.52934089517	1267.75062198689	0	1243.3888375923	0	1017.37433465301
0	1004.95063290239	1107.42853881655	0	0	0	1063.82005332909	0	0	0	1036.61825148991	0	997.111017697696	1062.25498429296	1040.20984700513	1090.80855389357	1164.42938853638	1111.73425821624	0	0	0	1043.82969753018	0	0	1016.24901842899	0	1017.6341024516	1131.38097077258	0	0	0	1029.68919310998	1095.68824877868	0	0	1157.45106712791	1280.50085130182	1162.65079974288	1036.64027527147	0	0	1075.71096172374	1145.82147780903	1084.87313146926	0	0	0	0	0	0	1036.78675965836	0	0	0	1150.66384360583	1010.09606174864	1015.36601920458	0	0	0	1055.20149589163	0	1081.24596516402	1011.02760540943	0	997.592736094798	0	1014.84655618827	0	0	1018.87378223981	0	0	0	0	1218.15230292564	1112.34396925324	0	0	1069.96870496506	1100.81108492287
0	0	1051.67754518779	0	0	0	996.150717784857	0	0	0	0	0	0	1066.28314674994	991.029879318398	1100.86971457886	1093.79887186886	1108.62818947051	992.20829994811	0	0	1008.69077761598	0	1017.37856033637	1068.0591213257	0	992.77874783219	1193.10068575974	0	0	0	1053.34725554457	1056.58450895106	0	0	1147.12546960237	1245.85277060695	1062.69440800876	0	0	0	1049.11434683364	1065.34940195344	1080.30690683496	0	0	0	0	0	0	1017.24068686403	0	1021.01254910327	0	1148.72385133524	1010.23887268575	1036.05916204027	0	0	0	1043.15780836727	1011.70874105973	1053.87848425713	1007.66946051218	0	1010.41226355866	0	0	1003.88068631003	0	992.324815105983	1034.150995366	0	0	0	1053.73959412294	0	0	1047.28630556699	1063.66601908943	1050.03599136867
1161.50105206398	1222.95275615498	1245.34567267174	1124.172619593	1171.38307794538	1126.96086694815	1269.60891352957	1139.1223659276	1155.99640633496	1171.00913475608	1217.96106675838	1181.8479119969	1173.52691874172	1297.27908259801	1249.90655332688	1324.45034618167	1290.51773104826	1267.88261973349	1202.85619851691	1170.86509551097	1060.14024255639	1232.38676696751	1072.94833540991	1228.65007447769	1218.24660157385	0	1227.62288181044	1408.79657355891	1009.72063501452	1101.61418087934	1151.08763731644	1262.9858593567	1257.79603873766	1157.45106712791	1147.12546960237	0	0	1252.83919721344	1247.99796801581	0	1064.75986274124	1285.98354122242	1290.53373997994	1277.47236175149	1096.1497635905	1142.42390298473	1151.27636462797	1126.55789762318	1058.35963278177	1223.57618312554	1236.35031653232	1171.94519713219	1171.69225772486	1159.91763837932	1396.29989652257	1227.8149531598	1251.17685181049	1111.68901011286	1190.42792960159	1066.10238200761	1222.55113002433	1224.77134549921	1242.21349649103	1218.75370947917	0	1230.95839414741	1074.76538844103	1189.9608493446	1239.13743137304	1179.8168918561	1183.73163311056	1225.96438907773	997.955180136753	1119.17247295143	1152.70165859835	1403.41467753975	1223.04752261072	0	1263.20658476617	1287.7544306994	1231.06063626356
1267.02413879763	1383.96018084024	1275.06283113474	1236.6195703526	1279.15868169533	1254.7038828229	1096.60269380631	1256.14805868126	1282.9528383077	1261.86806827054	1271.51835008379	1267.23204447052	1241.06395899198	1380.41726209945	1335.79272176517	1408.6592251641	1382.21511129788	1396.26454926768	1292.37814523438	1270.45314105271	0	1326.19098771431	1149.59193977969	1333.78427629902	1327.62832330303	0	1308.22898946222	1225.5980486335	1109.77825544556	1226.96473962573	1257.2636381916	1399.10839470903	1094.91213506677	1280.50085130182	1245.85277060695	0	0	0	1323.95517657315	999.23193075816	1177.53280588035	1370.92332001955	1357.86397562982	1402.89351444476	1188.38803721903	1248.69216944014	1250.79363361316	1211.09065666022	1098.32562244892	1372.69119528774	1355.86869869632	1278.85427960036	1332.06903510766	1253.74434642834	1228.94933273862	1336.82192117992	1392.79305331925	1264.85359702562	1296.38752268314	1188.49973683384	1348.09805502055	1289.59085876595	1325.17921818628	1278.03600886664	0	1363.31935618753	1158.64708729745	1268.72010369518	1307.74126473358	1274.63099294928	1243.63877374582	1377.47641974399	1088.34476357373	1183.54203239805	1250.18881361022	1465.90924861242	1310.62925251872	1081.22050146743	1356.88971060539	1105.75737524035	1329.61394689632
1145.09487001919	1249.83591626899	1051.7678773583	1074.23220146277	1113.6429557529	1100.69781739289	1008.14627785477	1110.93835068154	1104.76238476664	1117.11504744326	1146.53224214432	1134.64423338085	1033.28305571751	1268.26956191265	1193.55002695103	1280.06963213496	1210.34463346298	1301.98428787159	1165.92769471017	1134.09802095645	0	1189.70720333644	0	1196.50594531937	1193.61346654349	0	1202.76419675054	1103.44928343344	0	1111.08340348605	1159.23486440578	1283.21349154143	0	1162.65079974288	1062.69440800876	1252.83919721344	0	0	1168.84759893228	0	1042.47094753635	1291.36253230352	1135.69230241188	1254.00177726447	1073.88252738786	1101.13510127041	1091.37517153679	1090.29326073524	0	1250.67381419638	1195.3356110637	1191.37788689633	1199.01161952624	1113.24887207789	1087.58963792626	1207.74483099819	1276.92833118405	1098.67867175825	1180.60814078265	1037.48112486458	1196.08818617586	1199.00804146966	1135.58001692159	1163.12826712297	0	1240.04016944077	1032.27726423134	1068.40451908825	1201.33061815023	1118.98220311033	1140.17643557047	1208.68328545773	0	1070.63189755012	1093.81654962446	1299.93808432126	1214.87599856434	0	1253.20138177213	0	1133.67955004492
1036.28748405436	1082.64047585807	1121.3347207002	0	995.812450866664	0	1140.68150533579	1047.91154227807	1024.95224170898	1012.5880791394	1072.21505013688	1019.17225371232	0	1143.3810504573	1102.80641633929	1100.9625938794	1185.94840446026	1193.76367204096	1025.02948153877	1021.8229148582	0	1091.08448509223	0	1065.73574683545	1105.73482043688	0	1052.30441158057	1229.46743229532	0	0	0	1079.2210388881	1183.7020462494	1036.64027527147	0	1247.99796801581	1323.95517657315	1168.84759893228	0	0	0	1100.64734996916	1176.07355955885	1108.08124568286	1039.71943880412	0	1022.4759430653	0	0	1082.61722294576	1124.48370080446	1051.01333402804	1008.61373345692	0	1177.19501025059	1086.54428034237	1139.88551540935	995.203507226227	1041.69040522198	0	1050.59808674502	1070.81176337149	1092.2817579356	1069.63642794734	0	1084.54975985712	0	1067.18139550408	1052.03900608842	1030.27197243005	1093.47593156763	1016.93033767364	0	0	0	1282.92960788081	1135.64305002504	0	1077.84860495625	1108.92723947785	1114.80440628068
0	0	0	0	0	0	0	0	0	0	0	0	0	0	0	0	0	0	0	0	0	0	0	0	0	0	0	0	0	0	0	0	0	0	0	0	999.23193075816	0	0	0	0	0	0	0	0	0	0	0	0	0	0	0	0	0	0	0	0	0	0	0	0	0	0	0	0	0	0	0	0	0	0	0	0	0	0	0	0	0	0	0	0
0	0	0	0	0	0	0	0	0	0	0	0	0	0	0	0	1066.21548594716	0	0	0	0	0	0	0	0	0	0	1053.9128433256	0	0	0	0	1015.67515233094	0	0	1064.75986274124	1177.53280588035	1042.47094753635	0	0	0	0	1012.94798116142	0	0	0	0	0	0	0	0	0	0	0	1029.28230336738	0	0	0	0	0	0	0	0	0	0	0	0	0	0	0	0	0	0	0	0	1023.21913620991	0	0	0	0	0
0	1165.09056603251	1268.87276124197	1068.80150193771	1074.94508288219	1033.27626546032	1161.94597272013	1031.70115030131	1099.16003323082	1085.74692283541	1131.88855890641	1008.30172993741	1113.02450811202	1176.952469171	1087.21932119753	1230.697863246	1306.88552861673	1122.70228841359	1070.38991242359	0	1017.720511971	1157.51129195026	0	1063.15979909277	1181.18172851879	0	1139.96777619525	1297.65896718316	0	994.092779923811	0	1172.21641510222	1237.80028650403	1075.71096172374	1049.11434683364	1285.98354122242	1370.92332001955	1291.36253230352	1100.64734996916	0	0	0	1258.28075192502	1199.27926029469	1080.37755962363	1093.03436712986	1119.56362789469	0	1030.96480112473	1053.07970810158	1168.28697640783	1110.8504119071	1100.06845189172	1074.83959940036	1314.72145318748	1135.37911824742	1138.32927573549	1040.41578609007	1012.21803826228	1066.079932753	1197.67968540403	1026.54706518751	1129.19669366289	1146.07109310048	0	1080.82989404436	1023.43240653027	1148.89280614447	1074.10309866607	1048.47256924263	1175.38340772839	1109.8555401658	0	1043.54129681618	1113.46538514797	1288.86200805189	1175.09359806913	0	1080.50274161829	1218.63188898104	1216.03582428911
1166.64854291478	1230.3339953355	0	1080.65227775791	1062.92544802213	1100.77479422672	1252.64138442305	1135.95398626059	1101.8148773993	1099.69541805928	1154.15592104517	1149.63330453065	1063.85037987175	1270.79867238032	1206.20842268037	1293.60221276434	1081.25486131361	1318.753686132	1147.04249142575	1120.72793260795	0	1192.63344413815	0	1153.28503687584	1205.6692241137	0	1141.82844088619	1360.70490253728	0	1088.39641963852	1150.74498194703	1268.8989183258	1084.57841341142	1145.82147780903	1065.34940195344	1290.53373997994	1357.86397562982	1135.69230241188	1176.07355955885	0	1012.94798116142	1258.28075192502	0	1231.10005354273	1072.51280172405	1106.71082388454	1071.96477766763	1075.42767808724	0	1190.96372460691	1199.48204289202	1186.63615520001	1163.99749693621	1104.54740064537	1317.81113844913	1198.89742234343	1242.65082846023	1082.85115750907	1173.21960230909	1070.98616197855	1135.08804618013	1173.5078253504	1175.16742124762	1142.88891665186	0	1212.25959066807	1012.14623535022	1069.04016119494	1123.55784615057	1094.10695935275	1152.77873040001	1200.89643854521	0	1026.55597442299	1081.08096929064	1321.24004647026	1219.27777493123	0	1238.08462955087	1181.72514644899	0
1076.93832225395	1070.3444107382	1186.38703720846	1053.73885250297	1064.00649765088	995.234336194175	1151.65961391331	1008.09330518146	1097.3941802021	1061.04410740226	1103.81467329455	1083.97492937365	1047.32736728063	1097.42560248056	1146.06939560625	1094.15535598954	1254.84473697293	1184.02197820943	1066.80598181851	1046.39661720441	0	1126.63175255068	0	1101.43839723601	1151.33618666713	0	0	1263.63050149316	0	1017.71177321602	1059.84260275063	1181.29528255949	1250.6023699893	1084.87313146926	1080.30690683496	1277.47236175149	1402.89351444476	1254.00177726447	1108.08124568286	0	0	1199.27926029469	1231.10005354273	0	1040.1831735723	1065.3415614492	1110.55542030077	997.430881353258	1001.59000284019	1194.47555172161	1170.3890450508	1133.34060864734	0	1016.92397643202	1223.91331590163	1133.20431479919	1183.71925404704	1066.93304169998	1102.82166627079	1010.30685776486	1110.20998554027	1105.81011762527	1157.21004947401	1093.94354007259	0	1123.30420493447	0	1100.43447669845	1066.01880087169	1040.20017316835	1128.55978052045	1078.77510742065	0	1033.02550775911	1059.56316063236	1280.95650427946	1131.45541054701	0	1155.81897633644	1141.8310853379	1151.61468995993
0	1040.14925125673	1062.81698712137	0	0	0	1046.18578613278	0	998.203077909826	0	0	0	0	1053.11703521012	1032.90780111977	1029.86488609295	1052.90909714793	0	1022.95152479297	0	0	0	0	1014.29207546367	991.124414188719	0	0	1124.30300923805	0	0	0	1071.13646666	0	0	0	1096.1497635905	1188.38803721903	1073.88252738786	1039.71943880412	0	0	1080.37755962363	1072.51280172405	1040.1831735723	0	0	0	0	0	1051.60742106597	1063.2893212882	992.15939604083	1035.39623964886	0	1179.84543293295	994.895453714908	1076.76641400846	0	1005.07665950328	0	1046.88956455098	1006.81667651991	1061.47588237734	1003.16857521433	0	1044.24528644403	0	1001.85730637678	1001.64001429333	0	0	1040.42202423086	0	0	0	1205.64180220908	1062.98023842679	0	1049.59203822382	1089.34603762102	995.003385847211
0	998.041957216784	1051.75929078289	0	0	0	1013.65840209691	0	0	0	0	0	0	1105.09935711973	0	1089.16398306624	1087.0901868297	1140.36131392356	0	0	0	1007.19168314429	0	0	0	0	0	1160.05345394907	0	0	0	1058.31576983405	1125.97472406796	0	0	1142.42390298473	1248.69216944014	1101.13510127041	0	0	0	1093.03436712986	1106.71082388454	1065.3415614492	0	0	0	0	0	1052.90773702155	995.017009095266	1005.65559166545	0	0	1099.48032765563	1028.84601275949	1007.09654675272	0	0	0	0	0	1015.89840811883	0	0	1007.96171890822	0	0	0	0	1033.58199872798	0	0	0	0	1157.77047800519	1013.93511591004	0	1000.97237718373	1025.10390706977	1015.58333273737
